melHzScaleBands = [160; 394; 670;1000;1420;1900;2450;3120;400;5100;6600];
melcenters(1) = 160;